Resultados de la integral
6.261754279545614e-11
1.2910045637946914e-10
1.9968029118802404e-10
2.7460202206338903e-10
3.541247990541667e-10
4.385227385588568e-10
5.280857568849397e-10
6.231204483965322e-10
7.239510105292866e-10
8.309202180617116e-10
9.443904491475823e-10
1.0647447657348673e-09
1.1923880511228254e-09
1.3277482075408253e-09
1.4712774167702845e-09
1.6234534669751655e-09
1.7847811490568738e-09
1.9557937260066042e-09
2.1370544788922433e-09
2.3291583332883813e-09
2.5327335701368386e-09
2.7484436252119526e-09
2.9769889815598328e-09
3.2191091594842e-09
3.4755848088637775e-09
3.747239908807741e-09
4.034944079886673e-09
4.339615014417617e-09
4.662221030533038e-09
5.003783756025619e-09
5.365380948234024e-09
5.74814945651956e-09
6.1532883341804204e-09
6.582062106959706e-09
7.035804205625473e-09
7.515920570436969e-09
8.023893435660948e-09
8.561285302666138e-09
9.129743110503217e-09
9.731002613272696e-09
1.036689297399391e-08
1.1039341585116609e-08
1.1750379126261558e-08
1.2502144870240007e-08
1.329689224888429e-08
1.4136994690722438e-08
1.5024951743052352e-08
1.5963395491512142e-08
1.695509729080837e-08
1.800297482084889e-08
1.9110099483137563e-08
2.027970415292013e-08
2.1515191303229417e-08
2.2820141517661142e-08
2.41983224094218e-08
2.565369796492777e-08
2.7190438331000267e-08
2.8812930065496517e-08
3.052578687204238e-08
3.233386084038852e-08
3.424225421480272e-08
3.625633171383074e-08
3.838173342571847e-08
4.062438830477894e-08
4.2990528295017896e-08
4.548670310839994e-08
4.811979568624382e-08
5.089703837338246e-08
5.382602983591437e-08
5.69147527546035e-08
6.017159232726331e-08
6.360535561478203e-08
6.722529176681888e-08
7.10411131646157e-08
7.506301751984292e-08
7.930171096991421e-08
8.37684322117834e-08
8.847497771786176e-08
9.343372807938345e-08
9.865767552428802e-08
1.0416045265849335e-07
1.099563624812983e-07
1.1606040972758291e-07
1.2248833359146714e-07
1.2925664188815134e-07
1.3638264671279066e-07
1.4388450165745653e-07
1.5178124064951344e-07
1.6009281847708398e-07
1.688401530697051e-07
1.78045169604778e-07
1.8773084651300325e-07
1.979212634586548e-07
2.0864165137331053e-07
2.1991844462448229e-07
2.3177933540353727e-07
2.442533304203066e-07
2.573708099949071e-07
2.711635896405141e-07
2.8566498423412473e-07
3.009098748757775e-07
3.169347785402092e-07
3.337779206285413e-07
3.514793105313464e-07
3.70080820318253e-07
3.8962626667324363e-07
4.101614961988446e-07
4.317344742166136e-07
4.5439537719564106e-07
4.781966889452254e-07
5.031933007124376e-07
5.294426153299928e-07
5.570046555646772e-07
5.859421768215299e-07
6.163207843640835e-07
6.482090552162168e-07
6.816786649165411e-07
7.16804519301773e-07
7.536648915012371e-07
7.923415643304557e-07
8.32919978277767e-07
8.754893852840543e-07
9.201430085219844e-07
9.669782083875673e-07
1.016096654923532e-06
1.067604506900755e-06
1.1216125977909872e-06
1.1782366288712006e-06
1.237597369707267e-06
1.2998208662720684e-06
1.3650386569609166e-06
1.4333879967748988e-06
1.5050120899509109e-06
1.5800603313252553e-06
1.658688556726198e-06
1.7410593026993747e-06
1.8273420758788663e-06
1.9177136323255903e-06
2.0123582671640177e-06
2.111468114857511e-06
2.2152434604721875e-06
2.3238930622890347e-06
2.4376344861340355e-06
2.556694451806117e-06
2.6813091919934223e-06
2.811724824078758e-06
2.9481977352460452e-06
3.090994981310679e-06
3.2403946997078695e-06
3.3966865370845146e-06
3.560172091951987e-06
3.731165372868877e-06
3.909993272635071e-06
4.096996058990696e-06
4.292527882326177e-06
4.496957300922184e-06
4.710667824251469e-06
4.934058474887464e-06
5.1675443695782994e-06
5.411557320057976e-06
5.666546454180794e-06
5.932978857978691e-06
6.211340239255487e-06
6.502135613346728e-06
6.805890011687926e-06
7.123149213849153e-06
7.454480503708891e-06
7.800473450455046e-06
8.161740715116706e-06
8.538918883345382e-06
8.9326693251805e-06
9.343679082549808e-06
9.772661785270927e-06
1.0220358596337336e-05
1.0687539187287605e-05
1.117500274447368e-05
1.1683579007060437e-05
1.2214129337605933e-05
1.2767547826087767e-05
1.3344762428259046e-05
1.3946736139233858e-05
1.4574468203219503e-05
1.5228995360330246e-05
1.5911393131434417e-05
1.662277714200434e-05
1.736430448595602e-05
1.8137175130482727e-05
1.8942633362904938e-05
1.978196928057557e-05
2.0656520324898117e-05
2.1567672860531773e-05
2.2516863800876462e-05
2.3505582280946424e-05
2.453537137876034e-05
2.560782988639192e-05
2.6724614131842328e-05
2.7887439852913934e-05
2.909808412428074e-05
3.0358387338967707e-05
3.1670255245469204e-05
3.303566104175147e-05
3.44566475274018e-05
3.593532931520225e-05
3.74738951034216e-05
3.907461001013537e-05
4.0739817970898254e-05
4.247194420110837e-05
4.4273497724417536e-05
4.61470739685553e-05
4.8095357429948804e-05
5.0121124408534096e-05
5.222724581416542e-05
5.441669004604463e-05
5.6692525946601055e-05
5.905792583126652e-05
6.15161685955987e-05
6.407064290121755e-05
6.672485044202711e-05
6.948240929220704e-05
7.234705733746127e-05
7.532265579102402e-05
7.841319279592515e-05
8.162278711502557e-05
8.495569191033664e-05
8.8416298613142e-05
9.200914088644287e-05
9.573889868125108e-05
9.961040238825247e-05
0.00010362863708636614
0.00010779874688972251
0.00011212603939458042
0.00011661599022770064
0.00012127424769768939
0.00012610663755081722
0.00013111916783281407
0.00013631803385813035
0.00014170962328814653
0.00014730052131979883
0.00015309751598608024
0.00015910760356985758
0.00016533799413243224
0.00017179611715825187
0.00017848962731716717
0.00018542641034559627
0.0001926145890479501
0.0002000625294196355
0.000207778846892935
0.00021577241270702964
0.00022405236040340314
0.00023262809244783356
0.00024150928698014304
0.00025070590469284255
0.00026022819583976963
0.0002700867073757755
0.00028029229022847604
0.0002908561067030396
0.0003017896380209316
0.00031310469199349194
0.0003248134108311673
0.0003369282790891679
0.00034946213175025565
0.0003624281624453253
0.00037583993181236207
0.00038971137599430773
0.0004040568152762938
0.0004188909628626394
0.00043422893379392184
0.0004500862540043804
0.000466478869519809
0.00048342315579603354
0.0005009359271979746
0.0005190344466192212
0.0005377364352419395
0.0005570600824368623
0.0005770240558030033
0.0005976475113466476
0.0006189501037990626
0.0006409519970722789
0.0006636738748521861
0.0006871369513280614
0.0007113629820575718
0.0007363742749661336
0.0007621937014794323
0.0007888447077877648
0.0008163513262407478
0.0008447381868708067
0.0008740305290437407
0.0009042542132345067
0.0009354357329262598
0.0009676022266305106
0.0010007814900261569
0.0010350019882149806
0.0010702928680910559
0.0011066839708213706
0.0011442058444348145
0.0011828897565165147
0.0012227677070043592
0.0012638724410843887
0.0013062374621815496
0.001349897045042167
0.0013948862489043133
0.0014412409307520669
0.0014889977586495092
0.0015381942251500907
0.0015888686607768894
0.0016410602475690078
0.001694809032689261
0.0017501559420880872
0.0018071427942184049
0.0018658123137959997
0.001926208145599811
0.001988374868306262
0.002052358008351677
0.0021182040538165283
0.002185960468325135
0.0022556757049542017
0.00232739922014342
0.0024011814876011
0.002477074012197695
0.002555129343839749
0.002635401091316751
0.002717943936113042
0.0028028136461767917
0.0028900670896378905
0.0029797622484662835
0.0030719582320621994
0.003166715290769481
0.003264094829302979
0.003364159420080838
0.0034669728164522934
0.0035725999658113416
0.0036811070225865592
0.003792561361097043
0.00390703158826431
0.004024587556169812
0.004145300374447523
0.004269242422500805
0.0043964873615327405
0.004527110146378724
0.004661187037130122
0.004798795610537525
0.004940014771181961
0.005084924762402323
0.005233607176967042
0.005386144967477908
0.005542622456493794
0.0057031253463618505
0.005867740728743685
0.006036557093823745
0.0062096643391871854
0.006387153778354191
0.006569118148957736
0.006755651620551584
0.0069468498020352105
0.007142809748682278
0.007343629968759161
0.007549410429719979
0.007760252563964376
0.007976259274144417
0.008197534938006769
0.008424185412756286
0.008656318038927092
0.008894041643747274
0.00913746654398312
0.009386704548248973
0.009641868958768677
0.009903074572574543
0.010170437682129914
0.010444076075361271
0.010724109035085928
0.011010657337821453
0.011303843251962799
0.011603790535313479
0.01191062443195695
0.012224471668454527
0.012545460449356323
0.012873720452011716
0.013209382820665909
0.013552580159829537
0.013903446526908097
0.014262117424078288
0.0146287297893986
0.015003421987141472
0.015386333797334641
0.015777606404499624
0.016177382385575128
0.01658580569701397
0.017003021661041676
0.01742917695106588
0.017864419576225258
0.018308898865067584
0.018762765448346284
0.019226171240925728
0.019699269422785246
0.020182214419112648
0.020675161879478213
0.021178268656080336
0.02169169278105475
0.02221559344283933
0.022750130961586967
0.023295466763619477
0.023851763354916067
0.02441918429363003
0.02499789416162782
0.025588058535045886
0.026189843953859895
0.026803417890462068
0.027428948717243797
0.028066605673179368
0.028716558829408555
0.029378979053816107
0.03005403797460635
0.030741907942872407
0.03144276199415908
0.032156773809019955
0.032884117672570004
0.03362496843303432
0.034379501459295844
0.035147892597444594
0.03593031812633145
0.03672695471213182
0.037537979361922234
0.038363569376276524
0.039203902300887813
0.0400591558772221
0.04092950799221223
0.04181513662699975
0.04271621980473357
0.043632935537436406
0.044565461771947465
0.04551397633495407
0.04647865687712414
0.04745968081635126
0.04845722528012661
0.0494714670470518
0.05050258248750724
0.05155074750349273
0.05261613746765536
0.053698927161522844
0.054799290712960934
0.05591740153287224
0.057053432251156826
0.05820755465195556
0.05937993960819537
0.06057075701546117
0.061780175725213965
0.0630083634773803
0.06425548683233755
0.06552171110231803
0.06680720028225938
0.0681121169801267
0.06943662234673278
0.0707808760050864
0.07214503597929454
0.07352925862304892
0.07493369854772741
0.07635850855013927
0.07780383953994637
0.07926984046679228
0.08075665824717072
0.08226443769106842
0.08379332142841367
0.08534344983536617
0.08691496096048401
0.0885079904508008
0.09012267147785102
0.09175913466367927
0.09341750800687004
0.09509791680863706
0.09680048359900828
0.09852532806314557
0.10027256696783962
0.10204231408821642
0.10383468013469742
0.1056497726802522
0.10748769608798366
0.10934855143908845
0.11123243646123104
0.11313944545737352
0.11506966923510425
0.11702319503650442
0.1190001064685962
0.12100048343441361
0.12302440206473858
0.12507193465054522
0.12714314957619313
0.12923811125341245
0.13135688005612509
0.13349951225614134
0.13566605995977657
0.1378565710454293
0.14007108910216262
0.14230965336933257
0.14457229867730287
0.14685905538928898
0.1491699493443742
0.15150500180173623
0.15386422938612712
0.15624764403464686
0.15865525294484903
0.16108705852422261
0.163543058341084
0.16602324507692104
0.16852760648022902
0.1710561253218727
0.1736087793520152
0.17618554125864852
0.17878637862776203
0.18141125390518734
0.1840601243601496
0.1867329420505624
0.18942965379010174
0.19215020111708556
0.19489452026519746
0.1976625421360814
0.20045419227383846
0.20326939084145693
0.20610805259920165
0.2089700868849898
0.21185539759678468
0.2147638831770249
0.21769543659912063
0.22064994535603707
0.22362729145098667
0.2266273513902552
0.2296499961781776
0.2326950913142842
0.23576249679263764
0.23885206710337295
0.24196365123645905
0.24509709268769547
0.2482522294669563
0.2514288941086956
0.2546269136847217
0.25784610981925
0.26108629870624667
0.2643472911290624
0.26762889248236765
0.27093090279639037
0.274253116763458
0.27759532376684903
0.2809573079119486
0.28433884805970816
0.2877397178624108
0.2911596858017299
0.29459851522908137
0.29805596440825977
0.30153178656034935
0.3050257299109023
0.30853753773937
0.3120669484307733
0.3156136955296052
0.3191775077959382
0.32275810926372983
0.3263552193013023
0.3299685526739757
0.3335978196088395
0.33724272586163145
0.34090297278570436
0.34457825740305736
0.3482682724773989
0.35197270658921836
0.35569124421283455
0.3594235657953898
0.36316934783776184
0.3669282629773529
0.37069998007272725
0.3744841642900606
0.3782804771913612
0.38208857682442754
0.3859081178145031
0.3897387514575831
0.3935801258153408
0.3974318858116196
0.4012936733304564
0.4051651273155842
0.40904588387137397
0.4129355763651652
0.4168338355309374
0.42074028957427667
0.42465456427858433
0.42857628311247886
0.43250506733834115
0.43644053612194667
0.4403823066431369
0.44432999420747293
0.4482832123588181
0.45224157299279544
0.4562046864710624
0.4601721617363503
0.464143606428207
0.4681186269993917
0.472096828832858
0.4760778163592724
0.4800611931750065
0.4840465621605484
0.4880335255992663
0.49202168529647716
0.4960106426987475
0.4999999990133791
0.5039893553280107
0.507978312730281
0.5119664724274916
0.5159534358662098
0.5199388048517516
0.5239221816674862
0.5279031691939002
0.5318813710273667
0.5358563915985514
0.5398278362904082
0.5437953115556962
0.5477584250339631
0.5517167856679406
0.5556700038192858
0.559617691383622
0.5635594619048123
0.5674949306884179
0.5714237149142803
0.5753454337481752
0.5792597084524828
0.5831661624958221
0.5870644216615944
0.5909541141553859
0.5948348707111758
0.5987063246963038
0.6025681122151406
0.6064198722114198
0.6102612465691775
0.6140918802122578
0.6179114212023332
0.6217195208354
0.6255158337367007
0.6293000179540343
0.633071735049409
0.6368306501890003
0.6405764322313724
0.644308753813928
0.6480272914375441
0.651731725549364
0.6554217406237058
0.6590970252410593
0.6627572721651325
0.6664021784179245
0.6700314453527885
0.6736447787254621
0.6772418887630345
0.6808224902308265
0.68438630249716
0.6879330495959923
0.691462460287396
0.6949742681158638
0.698468211466417
0.7019440336185071
0.7054014827976857
0.7088403122250375
0.7122602801643568
0.71566114996706
0.71904269011482
0.7224046742599196
0.7257468812633111
0.7290690952303791
0.7323711055444019
0.7356527068977076
0.7389136993205236
0.7421538882075208
0.7453730843420494
0.7485711039180759
0.7517477685598155
0.7549029053390768
0.7580363467903134
0.7611479309234
0.7642375012341357
0.7673049067124895
0.7703500018485967
0.7733726466365192
0.7763727065757882
0.7793500526707382
0.7823045614276548
0.7852361148497512
0.7881446004299916
0.7910299111417869
0.7938919454275758
0.7967306071853206
0.7995458057529395
0.802337455890697
0.805105477761581
0.8078497969096935
0.8105703442366777
0.8132670559762175
0.8159398736666308
0.8185887441215934
0.8212136193990189
0.8238144567681331
0.8263912186747665
0.8289438727049094
0.8314723915465536
0.8339767529498622
0.8364569396856998
0.8389129395025613
0.8413447450819354
0.843752353992138
0.8461357686406579
0.8484949962250492
0.8508300486824115
0.8531409426374973
0.8554276993494839
0.8576903446574545
0.8599289089246249
0.8621434269813585
0.8643339380670118
0.8665004857706474
0.8686431179706642
0.8707618867733771
0.8728568484505969
0.8749280633762451
0.8769755959620522
0.8789995145923776
0.8809998915581951
0.8829768029902876
0.8849303287916881
0.8868605525694193
0.8887675615655622
0.8906514465877051
0.8925123019388104
0.8943502253465423
0.8961653178920972
0.8979576839385786
0.8997274310589558
0.9014746699636502
0.9031995144277879
0.9049020812181596
0.9065824900199269
0.908240863363118
0.9098773265489466
0.9114920075759971
0.9130850370663144
0.9146565481914326
0.9162066765983855
0.917735560335731
0.919243339779629
0.920730157560008
0.922196158486854
0.9236414894766616
0.9250662994790738
0.9264707394037526
0.9278549620475072
0.9292191220217156
0.9305633756800695
0.931887881046676
0.9331927977445436
0.9344782869244854
0.9357445111944662
0.9369916345494238
0.9382198223015905
0.9394292410113435
0.9406200584186096
0.9417924433748498
0.9429465657756487
0.9440825964939337
0.9452007073138453
0.9463010708652838
0.9473838605591516
0.9484492505233145
0.9494974155393003
0.9505285309797558
0.9515427727466814
0.952540317210457
0.9535213411496845
0.9544860216918547
0.9554345362548617
0.9563670624893729
0.957283778222076
0.9581848613998102
0.9590704900345978
0.9599408421495882
0.960796095725923
0.9616364286505346
0.9624620186648889
0.9632730433146798
0.96406967990048
0.9648521054293673
0.9656204965675164
0.9663750295937781
0.9671158803542426
0.9678432242177929
0.9685572360326538
0.9692580900839408
0.9699459600522069
0.9706210189729976
0.9712834391974053
0.9719333923536345
0.9725710493095705
0.9731965801363524
0.9738101540729547
0.9744119394917689
0.9750021038651872
0.9755808137331852
0.9761482346718993
0.9767045312631961
0.9772498670652288
0.9777844045839768
0.9783083052457615
0.9788217293707359
0.9793248361473382
0.979817783607704
0.9803007286040316
0.9807738267858912
0.981237232578471
0.9816910991617497
0.9821355784505924
0.9825708210757518
0.9829969763657762
0.9834141923298041
0.9838226156412431
0.9842223916223185
0.9846136642294838
0.9849965760396772
0.9853712682374199
0.9857378806027405
0.9860965514999108
0.9864474178669893
0.9867906152061534
0.9871262775748075
0.9874545375774629
0.9877755263583652
0.9880893735948628
0.9883962074915063
0.9886961547748571
0.9889893406889986
0.9892758889917341
0.9895559219514589
0.9898295603446904
0.9900969234542458
0.990358129068052
0.9906132934785716
0.9908625314828375
0.9911059563830735
0.9913436799878939
0.9915758126140647
0.9918024630888143
0.9920237387526769
0.9922397454628571
0.9924505875971014
0.9926563680580622
0.9928571882781392
0.9930531482247864
0.9932443464062701
0.9934308798778638
0.9936128442484676
0.9937903336876348
0.9939634409329983
0.9941322572980783
0.9942968726804603
0.9944573755703284
0.9946138530593444
0.9947663908498554
0.99491507326442
0.9950599832556406
0.995201202416285
0.9953388109896926
0.9954728878804439
0.9956035106652898
0.9957307556043219
0.9958546976523754
0.9959754104706531
0.9960929664385587
0.9962074366657261
0.9963188910042364
0.9964273980610118
0.9965330252103708
0.9966358386067424
0.9967359031975203
0.9968332827360539
0.9969280397947613
0.9970202357783573
0.9971099309371856
0.9971971843806464
0.9972820540907101
0.9973645969355068
0.9974448686829838
0.9975229240146258
0.9975988165392224
0.9976725988066802
0.9977443223218694
0.9978140375584987
0.9978817939730072
0.997947640018472
0.9980116231585174
0.998073789881224
0.9981341857130278
0.9981928552326056
0.9982498420847358
0.9983051889941347
0.998358937779255
0.9984111293660471
0.9984618038016738
0.9985110002681745
0.9985587570960719
0.9986051117779198
0.9986501009817819
0.9986937605646427
0.9987361255857397
0.9987772303198197
0.9988171082703078
0.9988557921823893
0.998893314056003
0.9989297051587332
0.9989649960386093
0.9989992165367981
0.999032395800194
0.9990645622938983
0.9990957438135899
0.9991259674977809
0.9991552598399536
0.9991836467005838
0.9992111533190366
0.9992378043253449
0.9992636237518583
0.999288635044767
0.9993128610754963
0.9993363241519723
0.9993590460297522
0.9993810479230254
0.999402350515478
0.9994229739710216
0.9994429379443878
0.9994622615915825
0.9994809635802053
0.9994990620996267
0.9995165748710285
0.9995335191573047
0.9995499117728203
0.9995657690930307
0.9995811070639622
0.9995959412115484
0.9996102866508304
0.9996241580950124
0.9996375698643793
0.9996505358950745
0.9996630697477356
0.9996751846159935
0.9996868933348311
0.9996982083888037
0.9997091419201216
0.9997197057365963
0.9997299113194491
0.999739769830985
0.9997492921221318
0.9997584887398446
0.999767369934377
0.9997759456664213
0.9997842256141178
0.9997922191799319
0.9997999354974052
0.9998073834377769
0.9998145716164792
0.9998215083995076
0.9998282019096667
0.9998346600326923
0.9998408904232551
0.9998469005108388
0.999852697505505
0.9998582884035367
0.9998636799929667
0.999868878858992
0.9998738913892741
0.9998787237791271
0.9998833820365973
0.9998878719874303
0.999892199279935
0.9998963693897385
0.9999003876244364
0.9999042591281435
0.9999079888859386
0.9999115817282116
0.9999150423349145
0.9999183752397101
0.9999215848340288
0.9999246753710336
0.9999276509694874
0.9999305156175327
0.9999332731763828
0.9999359273839237
0.9999384818582293
0.9999409401009935
0.9999433055008784
0.999945581336779
0.9999477707810107
0.9999498769024164
0.999951902669395
0.9999538509528564
0.9999557245291005
0.9999575260826237
0.999959258208854
0.9999609234168149
0.9999625241317217
0.9999640626975097
0.9999655413792976
0.9999669623657833
0.9999683277715794
0.9999696396394858
0.9999708999427006
0.9999721105869719
0.999973273412693
0.9999743901969382
0.999975462655446
0.999976492444544
0.999977481163024
0.9999784303539643
0.9999793415065001
0.9999802160575443
0.9999810553934618
0.9999818608516944
0.9999826337223389
0.9999833752496827
0.9999840866336934
0.9999847690314643
0.9999854235586216
0.9999860512906855
0.9999866532643963
0.9999872304789986
0.9999877838974871
0.9999883144478177
0.9999888230240803
0.9999893104876376
0.9999897776682284
0.9999902253650396
0.9999906543477424
0.9999910653574996
0.9999914591079415
0.9999918362861099
0.9999921975533743
0.999992543546321
0.999992874877611
0.999993192136813
0.9999934958912116
0.9999937866865856
0.9999940650479668
0.9999943314803706
0.9999945864695048
0.9999948304824552
0.99999506396835
0.9999952873590006
0.9999955010695241
0.9999957054989426
0.9999959010307657
0.9999960880335521
0.9999962668614522
0.999996437854733
0.9999966013402879
0.999996757632125
0.9999969070318435
0.9999970498290894
0.9999971863020007
0.9999973167176326
0.9999974413323729
0.9999975603923387
0.9999976741337626
0.9999977827833645
0.99999788655871
0.9999979856685577
0.9999980803131924
0.9999981706847489
0.9999982569675223
0.999998339338268
0.9999984179664936
0.9999984930147348
0.9999985646388281
0.9999986329881677
0.9999986982059585
0.9999987604294551
0.9999988197901959
0.9999988764142271
0.999998930422318
0.99999898193017
0.9999990310486164
0.9999990778838164
0.9999991225374396
0.9999991651068465
0.9999992056852605
0.9999992443619332
0.9999992812223055
0.9999993163481598
0.9999993498177695
0.9999993817060404
0.999999412084648
0.9999994410221692
0.9999994685842094
0.9999994948335239
0.999999519830136
0.9999995436314476
0.9999995662923507
0.9999995878653287
0.999999608400558
0.9999996279460046
0.9999996465475144
0.9999996642489044
0.9999996810920464
0.9999996971169501
0.9999997123618406
0.9999997268632352
0.9999997406560148
0.9999997537734944
0.9999997662474895
0.9999997781083803
0.9999997893851734
0.9999998001055614
0.9999998102959783
0.9999998199816553
0.9999998291866719
0.9999998379340064
0.9999998462455842
0.9999998541423233
0.9999998616441782
0.9999998687701831
0.9999998755384913
0.9999998819664152
0.9999998880704624
0.999999893866372
0.9999998993691492
0.9999999045930967
0.9999999095518471
0.9999999142583927
0.999999918725114
0.9999999229638074
0.9999999269857116
0.9999999308015329
0.9999999344214693
0.9999999378552324
0.9999999411120722
0.9999999442007949
0.9999999471297865
0.9999999499070292
0.9999999525401216
0.9999999550362965
0.9999999574024365
0.9999999596450914
0.9999999617704932
0.9999999637845706
0.9999999656929642
0.9999999675010381
0.9999999692138947
0.9999999708363864
0.9999999723731269
0.9999999738285025
0.9999999752066833
0.9999999765116335
0.9999999777471207
0.9999999789167254
0.99999998002385
0.9999999810717276
0.9999999820634293
0.9999999830018731
0.9999999838898302
0.9999999847299325
0.99999998552468
0.9999999862764457
0.9999999869874829
0.9999999876599318
0.9999999882958223
0.9999999888970817
0.9999999894655396
0.9999999900029314
0.9999999905109042
0.9999999909910207
0.9999999914447628
0.9999999918735364
0.9999999922786755
0.9999999926614438
0.9999999930230412
0.9999999933646038
0.99999999368721
0.9999999939918807
0.999999994279585
0.99999999455124
0.9999999948077158
0.9999999950498359
0.9999999952783812
0.9999999954940914
0.9999999956976665
0.9999999958897704
0.9999999960710312
0.9999999962420438
0.9999999964033714
0.9999999965555473
0.9999999966990767
0.9999999968344366
0.9999999969620801
0.9999999970824343
0.9999999971959045
0.9999999973028738
0.9999999974037044
0.9999999974987392
0.9999999975883019
0.9999999976727
0.9999999977522228
0.9999999978271445
0.9999999978977245
0.9999999979642074
0.9999999980268249
0.999999998085796
